2883200  
2884846  
2887595  
2894029  
2894179  
2898514  
2898742  
2901101  
2903939  
2906956  
2908174  
2911106  
2911134  
2911804  
2914218  
2919355  
2919394  
2928680  
2932046  
2934018  
2937592  
2938439  
2955164  
2959146  
2959977  
2961858  
2961908  
2962409  
2965161  
2965500  
2967917  
2973408  
2973448  
2973906  
2973932  
2975625  
2975719  
2977174  
2979582  
2980654  
2984006  
2990532  
2993100  
2993651  
2994897  
2995004  
2995388  
2996799  
3000850  
3003057  
3004545  
3013769  
3014442  
3016437  
3021910  
3138615  
3172614  
3179574  
3185279  
3192404  
